1 0.0505198
2 5.05198
3 5.05198
4 5.05198
5 0.0505095
6 0.0504578
7 0.043161
8 0.0326621
9 0.0275259
10 0.0177067
11 0.0135015
12 0.0091296
13 0.00715553
14 0.00415545
15 0.00327909
16 0.00308077
17 0.00289728
18 0.00284202
19 0.00273658
20 0.00253419
21 0.00215082
22 0.00217523
23 0.00189718
24 0.00140044
25 0.00123568
26 0.00110466
27 0.00103833
28 0.00096868
29 0.00112178
30 0.000924942
31 0.000820742
32 0.000765352
33 0.000733353
34 0.000693702
35 0.000614856
36 0.000564188
37 0.000530281
38 0.000493048
39 0.000461234
40 0.000419272
41 0.000382026
42 0.000432
43 0.000372492
44 0.000364967
45 0.000358307
46 0.000344978
47 0.000331524
48 0.000372883
49 0.00032546
50 0.000313413
51 0.00030427
52 0.000298888
53 0.000291094
54 0.000278054
55 0.000266519
56 0.000259774
57 0.000248754
58 0.000243058
59 0.000240948
60 0.00023516
61 0.000215707
62 0.000859795
63 0.000211502
64 0.000192547
65 0.000173852
66 0.000164935
67 0.000159893
68 0.000175178
69 0.000158423
70 0.000153216
71 0.000146464
72 0.000172443
73 0.000144339
74 0.0001412
75 0.000139716
76 0.000138371
77 0.000134592
78 0.000130037
79 0.000127306
80 0.000124939
81 0.00012438
82 0.000122421
83 0.000120867
84 0.00011831
85 0.000116782
86 0.000114539
87 0.000160737
88 0.000113722
89 0.000109766
90 0.000107614
91 0.000105652
92 0.000105539
93 0.000104539
94 0.000112269
95 0.000103809
96 0.000102279
97 9.85705e-05
98 0.000143653
99 9.76442e-05
100 9.71516e-05
101 9.61401e-05
102 9.49854e-05
103 0.000100957
104 9.44505e-05
105 9.35534e-05
106 9.28042e-05
107 9.2355e-05
108 9.13614e-05
109 9.01668e-05
110 9.26289e-05
111 8.96831e-05
112 8.92603e-05
113 8.8944e-05
114 8.84368e-05
115 8.78816e-05
116 8.75435e-05
117 8.70592e-05
118 8.6815e-05
119 8.62666e-05
120 8.60777e-05
121 8.5969e-05
122 8.56093e-05
123 8.87375e-05
124 8.54912e-05
125 8.50093e-05
126 8.47017e-05
127 8.42543e-05
128 8.39907e-05
129 8.37254e-05
130 8.39201e-05
131 8.34931e-05
132 8.3354e-05
133 8.32697e-05
